0.000000000000000000e+00,5.634412460241159692e+01,3.956960406883489867e+01,9.512498991280449445e+01,9.393800972745199829e+01,5.247825561622139645e+01,7.494440576371489726e+01,9.224502177250130330e+01,8.778054995192040622e+01,6.056178092249124489e+01,5.858327668495468998e+01,7.010155312229093738e+01,8.799278133545040248e+01,1.035236823357314080e+02,9.662530574568839370e+01,5.281686889541310137e+01,8.886463540877112166e+01,9.221681834220329677e+01,9.128524242597401894e+01,1.064460346011606475e+02,9.537581180877219822e+01,8.810073889613552467e+01,1.078284623672522571e+02,8.094809164649737454e+01,5.891558457886618783e+01,7.591472754394376921e+01,1.169862967059047349e+02,1.272589117813730013e+02,8.840872203639203519e+01,1.157446976735075452e+02,9.055203307062109275e+01,4.421022531736460337e+01,5.282068602707806804e+01,9.162878865387614269e+01,1.034065638157269262e+02,8.000611393733539956e+01,7.870212400313022272e+01,6.422865793518568012e+01,5.751105949393551242e+01,6.832477452459534106e+01,9.092956889727099679e+01,7.914544109768222313e+01,9.619581098446234080e+01,1.103679672042576669e+02,1.221076775478043714e+02,1.569077536897470111e+02,1.078329490412423439e+02,1.135231492515317342e+02,4.975312414944580297e+01,7.298576157654730423e+01,3.047259609251079837e+01,2.892367972568990098e+01,5.253151873788699788e+01,4.946981543208242726e+01,6.097950099178210337e+01,3.958538011430400161e+01,5.988489035343319955e+01,6.421783328555510195e+01,7.080458084161038812e+01,7.831882056151397364e+01,5.033622839894582057e+01,5.928445818138568058e+01,6.691887512172357333e+01,6.182802533694810165e+01,7.844424842997264591e+01,7.401823173452615379e+01
5.634412460241159692e+01,0.000000000000000000e+00,3.062197650728009890e+01,3.272665962502149739e+01,2.714188009753170050e+01,4.422589608392709692e+01,5.548820158556249993e+01,5.596148993472200317e+01,6.930169628909379753e+01,8.876578436306147069e+01,8.794319536192330133e+01,1.015881727978054414e+02,1.146811272057306894e+02,1.176596848687328958e+02,1.206231720871629989e+02,3.609464534668769886e+01,1.057188733551032556e+02,9.552627437349339345e+01,1.015175413620139864e+02,9.938965802937195804e+01,1.097726208501941585e+02,1.223656692801670829e+02,1.310869986721640430e+02,9.115121048812757465e+01,1.032379537956019959e+02,1.189335108712101743e+02,1.582288256344114643e+02,1.378175235865994068e+02,9.892722878661311370e+01,1.401895361638541999e+02,1.377927006675168968e+02,1.062060565414529947e+02,9.657962050147050093e+01,8.915429506936196447e+01,1.449075752934803631e+02,7.703784532027331977e+01,9.704162214535963926e+01,1.184954728459159981e+02,8.033601950202387343e+01,7.098949480317472194e+01,7.825766498862040521e+01,1.275721957639690061e+02,1.414154437165976788e+02,1.558592450172825750e+02,1.687388234671275882e+02,1.650118967784922575e+02,1.393354325795342561e+02,1.459294090490974440e+02,5.800986829914641163e+01,7.909879238793783429e+01,8.654652893945976189e+01,7.987888455290909917e+01,1.034021541214540036e+02,9.651010499859268066e+01,9.652493146034899496e+01,8.137074206718678226e+01,9.648049508595110524e+01,9.488089988183820367e+01,1.157011527057683651e+02,1.236006201520723380e+02,9.394418408701484680e+01,1.032348950811965267e+02,1.140889195445130042e+02,9.813633060668159658e+01,1.213194830971752083e+02,1.123245230568688413e+02
3.956960406883489867e+01,3.062197650728009890e+01,0.000000000000000000e+00,6.393869120944169993e+01,2.926571607901709982e+01,2.719272352074059995e+01,6.821281429416899300e+01,6.764876692894389976e+01,5.604708295638690174e+01,7.778304071588131308e+01,7.231656951721687676e+01,8.913515892778819705e+01,1.014994644562072352e+02,1.043161059240293014e+02,1.047721041390277037e+02,5.527082361287229872e+01,9.523572606956844311e+01,7.998747906545665387e+01,8.970573231416383919e+01,8.831016408895625602e+01,9.898483523177405630e+01,1.068864984639391480e+02,1.141266681375600029e+02,8.357192237359025455e+01,9.599461675096389968e+01,1.020945345597353651e+02,1.395269757681458600e+02,1.172113009985226029e+02,8.219136409939329724e+01,1.211788509001128773e+02,1.198611954954350693e+02,8.800857910826070452e+01,7.354141489051588110e+01,8.064216578941687885e+01,1.279268053227997655e+02,6.969120360545727522e+01,7.740100398029130702e+01,1.130297846143860028e+02,7.329733196851671551e+01,6.793944954458805796e+01,7.514049548915099308e+01,1.096342278993753041e+02,1.256993003965169322e+02,1.361579563581755963e+02,1.503616426030194475e+02,1.448064283163603534e+02,1.226937303569778095e+02,1.274019166963085041e+02,5.634480435105960083e+01,6.409074476754287275e+01,7.073163177394937406e+01,4.998508335032229866e+01,8.925255615889849992e+01,7.895099213968373419e+01,8.036808862973080636e+01,6.053841386779131994e+01,7.540201514639065294e+01,6.884688689684459462e+01,9.611342689460164479e+01,1.041451996624747380e+02,7.502712538029126677e+01,8.371239482546747013e+01,9.377730042714320291e+01,9.538106539846309317e+01,1.012041864277628775e+02,9.193303474248033069e+01
9.512498991280449445e+01,3.272665962502149739e+01,6.393869120944169993e+01,0.000000000000000000e+00,2.787190074517650018e+01,5.225086849536980083e+01,3.624895558669179962e+01,3.729694937722690185e+01,7.025265404832460092e+01,1.032709539787757080e+02,1.022785142975261721e+02,1.159140034487529647e+02,1.260356118749593719e+02,1.234981609191393801e+02,1.253915832555747869e+02,4.341999083056789743e+01,1.139004441222245845e+02,8.336663774411159977e+01,1.071132671849361913e+02,9.817878105840712522e+01,1.094021212798026568e+02,1.362090665019191817e+02,1.400773460206435175e+02,9.844936500768226040e+01,1.101781374647190006e+02,1.364699861315442035e+02,1.741665109077640921e+02,1.523764654917356438e+02,1.056081132600145764e+02,1.497327902793799410e+02,1.582775756044754019e+02,1.261888075853660069e+02,1.078424312304630064e+02,9.058559814823559009e+01,1.611875411750665421e+02,7.377583117120161660e+01,1.075227096235433493e+02,1.255513486750530063e+02,9.500917881779690788e+01,7.955118149049886256e+01,7.798556815327951597e+01,1.455645112535160308e+02,1.599229931071704129e+02,1.748251464542276210e+02,1.878089665480859196e+02,1.801330291058623345e+02,1.513018201712590951e+02,1.581977807391567126e+02,6.784240701440577936e+01,8.389177955291215483e+01,1.074721106234747054e+02,9.609259354563620548e+01,1.211115739299899730e+02,1.170036277184937745e+02,9.960579168776780534e+01,9.884129417594074596e+01,1.135713807995381046e+02,1.010857579384639990e+02,1.351039275605713783e+02,1.426911604373889588e+02,1.126634434834060841e+02,1.220482978168513597e+02,1.242555030184140037e+02,1.033240299376059994e+02,1.392790000578611398e+02,1.286320634478974796e+02
9.393800972745199829e+01,2.714188009753170050e+01,2.926571607901709982e+01,2.787190074517650018e+01,0.000000000000000000e+00,3.391511558769369827e+01,7.131962258696511014e+01,2.929990544187409895e+01,2.656181482564149832e+01,1.111278021930975370e+02,1.053657543254813476e+02,1.226916865862351642e+02,1.317595751934587724e+02,1.256861246250759194e+02,1.206406567091148361e+02,8.816269852029630272e+01,1.214383833374773189e+02,8.334117878718964789e+01,1.109799900686487035e+02,9.166047193279817407e+01,1.078988291760372533e+02,1.397426760877082472e+02,1.387533177558620423e+02,1.082957080632932900e+02,1.096558315117270013e+02,1.380628131435443606e+02,1.730108961530052909e+02,1.467999272701891869e+02,1.004952401014368206e+02,1.441146636897951225e+02,1.551380620079993378e+02,1.232382514666950044e+02,1.086320691435009991e+02,9.475919149808883901e+01,1.628197917804043300e+02,6.734048609082935855e+01,1.002517794668365099e+02,1.254979146374670052e+02,1.056086003453930857e+02,9.253827484523220903e+01,8.766973723438972854e+01,1.464902359882249243e+02,1.624432649385428817e+02,1.701018092233518928e+02,1.858870862494799781e+02,1.756394004722521061e+02,1.526665976011990438e+02,1.563146964696210262e+02,7.583102559544309429e+01,7.622558220691264808e+01,1.072094548964422671e+02,8.773314397061699310e+01,1.133858888275619989e+02,1.149885363456854321e+02,9.910501296515710123e+01,9.409382103086869620e+01,1.075453793135769587e+02,9.874493147713100427e+01,1.304827535954750601e+02,1.388615802375688872e+02,1.108397697447745429e+02,1.187705421538646391e+02,1.217469779885090020e+02,1.021843543452479963e+02,1.349961698197816986e+02,1.243588844352748026e+02
5.247825561622139645e+01,4.422589608392709692e+01,2.719272352074059995e+01,5.225086849536980083e+01,3.391511558769369827e+01,0.000000000000000000e+00,5.703220803990323873e+01,4.639446404557160264e+01,2.836658806147769951e+01,8.401034047792654746e+01,7.556971967256812661e+01,9.434583195945896250e+01,1.025223912031999305e+02,9.808928317637806060e+01,9.492399128825773857e+01,6.275609076447467061e+01,9.400239382460931381e+01,7.694632548326329413e+01,8.385704772194399936e+01,7.345858311350210101e+01,8.650104939110410385e+01,1.095866093289818366e+02,1.094111783385092593e+02,8.291209194962971196e+01,1.066235359197410020e+02,1.087484760078059765e+02,1.426384911727159874e+02,1.172570406300841057e+02,7.316049733944774403e+01,1.156708325193127536e+02,1.293575010654345192e+02,9.529078309714469697e+01,8.635252219830189802e+01,7.141743360844294841e+01,1.326771193553897774e+02,5.594757582598899859e+01,7.169510886943072592e+01,1.234387294404740061e+02,8.168733252904604569e+01,7.085597494865652379e+01,6.810753393551161139e+01,1.190418071191535887e+02,1.340142558422429033e+02,1.424239613831612701e+02,1.574800063533642742e+02,1.458124962102357927e+02,1.222192725613031286e+02,1.259533528528623805e+02,3.408614825813280191e+01,5.632264322892439878e+01,8.323863178216269887e+01,4.988769410216600164e+01,9.623092317655874695e+01,8.970229517382234974e+01,7.741034088502240706e+01,6.583290855923618778e+01,7.929529042977304698e+01,6.997942268555389944e+01,1.036986209044560070e+02,1.112101377403249529e+02,8.270287929782845993e+01,9.087228577465701562e+01,1.013869150331150877e+02,1.028524689241429968e+02,1.063817092249121998e+02,9.476035139982543853e+01
7.494440576371489726e+01,5.548820158556249993e+01,6.821281429416899300e+01,3.624895558669179962e+01,7.131962258696511014e+01,5.703220803990323873e+01,0.000000000000000000e+00,3.649345304253169786e+01,7.058521457259020337e+01,1.062884712173139974e+02,7.358763640267821415e+01,8.332725745774111203e+01,9.163843910440374430e+01,9.276979368142414728e+01,1.038563980471639638e+02,3.761398562152069758e+01,7.805111564167694382e+01,5.374763915447950069e+01,7.556780964132278200e+01,8.646443812924131578e+01,8.840734985428103698e+01,1.042555298968838287e+02,1.118286416409952295e+02,6.158061529378459653e+01,9.234550010445329349e+01,1.096314489574197353e+02,1.464601209975557197e+02,1.300511260646199503e+02,8.591216189725402330e+01,1.264908994770786421e+02,1.405230126695833519e+02,1.039719047219110024e+02,7.492911095138759947e+01,6.268130523301594081e+01,1.451927049808579966e+02,6.931523088765172247e+01,9.055604831606089533e+01,1.034527604190460011e+02,8.369852799596669968e+01,3.191639075728789976e+01,3.782237977856220112e+01,1.222990284656749509e+02,1.329233647748441456e+02,1.548213042870278002e+02,1.642459793097605996e+02,1.554452914162627906e+02,1.207743503844580033e+02,1.300106321689121955e+02,6.073193943577896192e+01,7.295564864963253626e+01,9.252568536541588173e+01,7.119434330015077705e+01,1.043420219475657404e+02,1.012978517468137909e+02,8.936589691855169804e+01,8.397160992016989667e+01,9.768457815734211636e+01,8.457294772733649779e+01,1.183110239090821807e+02,1.235650911433470469e+02,9.325149312879608487e+01,1.035473286022135539e+02,1.102903490677189495e+02,9.047329677177870622e+01,1.192068675926077645e+02,1.075499752604144845e+02
9.224502177250130330e+01,5.596148993472200317e+01,6.764876692894389976e+01,3.729694937722690185e+01,2.929990544187409895e+01,4.639446404557160264e+01,3.649345304253169786e+01,0.000000000000000000e+00,3.313661447030499829e+01,1.132127978989120010e+02,9.229820781981307221e+01,1.076679856033770477e+02,1.120881419849788756e+02,1.015751830287219377e+02,1.015570237461250684e+02,5.920952358223109968e+01,9.790843458144145472e+01,4.146152364826569681e+01,8.628052619721830752e+01,7.199531275081517379e+01,8.248828352048501245e+01,1.240126137497787937e+02,1.198417122817717626e+02,8.441588672379089076e+01,1.070470490628499931e+02,1.296339583358075629e+02,1.623645090013779964e+02,1.386783177791786557e+02,8.451213362640567084e+01,1.296852064334903503e+02,1.568464662904953855e+02,1.256767730425620044e+02,1.069729746657639993e+02,7.337933624167669677e+01,1.512862180635944185e+02,6.564929316215869903e+01,9.104842117196633922e+01,1.213738355472510051e+02,1.088061200579199976e+02,7.289776593122397230e+01,6.274014478258749961e+01,1.427917695851820952e+02,1.551128883272297401e+02,1.687311492923757612e+02,1.818596257977767152e+02,1.664784077329787237e+02,1.409806015956370118e+02,1.412179277585702266e+02,6.609816684791769603e+01,6.398543519311959216e+01,1.054315786512819955e+02,9.088043465931549747e+01,1.226763069442838230e+02,1.171911938997594973e+02,9.340767422820870536e+01,9.849742142896130304e+01,1.064097222701607279e+02,9.451699421238859600e+01,1.314577587289786322e+02,1.378200933120214131e+02,1.084410756950638302e+02,1.174495939102665858e+02,1.281404871374500090e+02,9.819239866679930628e+01,1.320161382199786431e+02,1.186961754215174238e+02
8.778054995192040622e+01,6.930169628909379753e+01,5.604708295638690174e+01,7.025265404832460092e+01,2.656181482564149832e+01,2.836658806147769951e+01,7.058521457259020337e+01,3.313661447030499829e+01,0.000000000000000000e+00,1.158655759248420054e+02,9.281607152038168351e+01,1.116571270385831127e+02,1.142250110194706423e+02,9.921145729468322827e+01,9.087599411643992653e+01,8.687444180842629748e+01,1.023039695636508810e+02,5.113864195858690209e+01,8.651282693294481874e+01,5.849533773664237657e+01,7.566363552464868292e+01,1.238431397241090934e+02,1.134372978676664587e+02,9.217074925514313577e+01,1.117026364479840055e+02,1.283600411112307995e+02,1.572249220411984254e+02,1.290944601503499030e+02,7.390960277948460089e+01,1.187457521762796517e+02,1.521477433202066152e+02,1.215634694289690003e+02,1.101820236378706284e+02,6.860403193722035553e+01,1.492376878541437293e+02,4.530696820557780313e+01,7.927596558266517945e+01,1.282794791269569998e+02,1.018532083222939661e+02,8.491308114849014999e+01,9.106789189438549670e+01,1.414995651839818720e+02,1.547421719130589963e+02,1.614806328436350498e+02,1.770338240515519601e+02,1.578064686017023064e+02,1.318476050646016802e+02,1.345882263480332881e+02,5.438473960214570013e+01,7.501779285348999338e+01,1.045298563053650014e+02,8.018391852589620328e+01,1.215470857648388687e+02,1.144000283662996651e+02,9.273809911450589993e+01,8.746290611975757656e+01,9.843325267714227778e+01,9.103055445728030293e+01,1.252521574966415727e+02,1.319209088078174261e+02,1.049659114032469631e+02,1.124047829597694488e+02,1.227951404436560097e+02,1.004738070528430001e+02,1.252065563037460976e+02,1.114105305335684761e+02
6.056178092249124489e+01,8.876578436306147069e+01,7.778304071588131308e+01,1.032709539787757080e+02,1.111278021930975370e+02,8.401034047792654746e+01,1.062884712173139974e+02,1.132127978989120010e+02,1.158655759248420054e+02,0.000000000000000000e+00,3.520277276799340171e+01,5.549824299567490016e+01,5.073078899421892629e+01,7.620409560910738378e+01,9.612589628635279837e+01,1.222825560395999958e+02,5.210624573243644875e+01,9.752115643035999426e+01,6.538374928384342866e+01,1.001759466212079985e+02,9.533182890285800681e+01,1.046719816466739985e+02,8.474768516203684499e+01,4.563757496186990181e+01,5.176400507680669705e+01,9.622121979248069579e+01,9.883783980710221329e+01,9.371680962599151599e+01,8.127778076207744107e+01,1.015504606146672018e+02,9.756048187541802008e+01,7.693951135103824868e+01,5.152396901461864331e+01,9.656137517624669897e+01,1.300093446476529948e+02,1.035959841754790034e+02,7.911385134684270781e+01,5.079122133753600110e+01,4.331721309371099693e+01,4.417084503437899912e+01,8.727505564413679906e+01,1.293946931123599882e+02,1.270646425992599973e+02,1.103851892490050801e+02,1.149433682541069146e+02,1.132057378643982872e+02,7.901740931759012199e+01,9.188895605786132137e+01,9.956302895109099893e+01,8.540807427543701635e+01,6.356776022426940642e+01,5.412765477790705404e+01,6.811503798042349445e+01,6.809070302506614780e+01,6.214550715531996161e+01,6.451405119122806298e+01,7.145236662692948926e+01,6.550202827548801565e+01,8.111221909166806654e+01,8.249782247974098937e+01,5.858298002336119481e+01,6.749888542769635080e+01,6.800411106871086986e+01,8.051074340007920682e+01,7.949843856017881194e+01,7.184799552252323451e+01
5.858327668495468998e+01,8.794319536192330133e+01,7.231656951721687676e+01,1.022785142975261721e+02,1.053657543254813476e+02,7.556971967256812661e+01,7.358763640267821415e+01,9.229820781981307221e+01,9.281607152038168351e+01,3.520277276799340171e+01,0.000000000000000000e+00,3.026766217685570126e+01,5.681539639704119793e+01,6.024572341937609821e+01,6.703788184592120558e+01,6.955708788734560244e+01,6.032048872250150140e+01,7.592403928063170326e+01,5.618639046862595876e+01,8.841003656936217681e+01,6.516762643043060166e+01,5.296646244325866348e+01,7.078579478431063876e+01,4.953626164240350249e+01,2.839537454901919844e+01,4.102662947036599661e+01,9.137994968227488357e+01,7.841954087001892049e+01,6.369289288234443092e+01,8.469109406396219697e+01,9.263083193479224065e+01,7.996662007028720609e+01,6.525509101570170856e+01,6.612213121581132214e+01,7.770292250923449728e+01,8.692558613768163411e+01,5.978521138564862270e+01,6.602810953796645776e+01,4.974674269832968321e+01,5.684025640760933840e+01,6.979212038464821433e+01,7.313760604257842601e+01,8.209933625733407325e+01,1.019842896602880984e+02,1.104852339528321750e+02,1.014560212502084795e+02,7.068638390569149976e+01,7.967276996799316180e+01,6.575706586765798534e+01,7.023193186293644885e+01,6.099627965805898810e+01,4.931751338797307938e+01,6.618817503092094512e+01,6.248963034871913180e+01,4.917068186834950438e+01,5.026475053493569334e+01,5.563344334255931045e+01,4.816365189317002660e+01,7.128366526433273975e+01,7.328882812460412310e+01,4.831936456301713179e+01,5.664848566140172181e+01,6.009776892430192419e+01,4.729165562806100098e+01,6.760129741800358261e+01,5.636851546949910130e+01
7.010155312229093738e+01,1.015881727978054414e+02,8.913515892778819705e+01,1.159140034487529647e+02,1.226916865862351642e+02,9.434583195945896250e+01,8.332725745774111203e+01,1.076679856033770477e+02,1.116571270385831127e+02,5.549824299567490016e+01,3.026766217685570126e+01,0.000000000000000000e+00,3.505988034837130130e+01,7.264572617862630466e+01,8.808651438804200495e+01,7.649936407786627512e+01,4.052850508187140122e+01,9.821392669135981635e+01,6.862144525220870150e+01,1.064349270438705446e+02,9.826594816638049679e+01,4.267424531146910027e+01,7.609367941923659373e+01,4.978511940723699780e+01,5.065244183255430244e+01,3.697755558136220344e+01,8.700919111842578957e+01,8.583604986846980012e+01,8.205379297613635003e+01,8.002219011619820321e+01,9.294363321540674860e+01,7.895093993852299263e+01,1.126854085599539985e+02,7.933848433277719892e+01,6.871900868120819439e+01,1.056891266577109718e+02,7.975647746988317977e+01,1.138169992764379970e+02,9.659423511779040439e+01,9.128451827591719336e+01,9.687213901589329623e+01,6.805454727619121513e+01,9.916517143160349690e+01,1.027082776472055343e+02,1.054399809551951108e+02,1.026755012384764143e+02,8.688788311761399541e+01,8.127856796899344261e+01,8.600445628175940271e+01,9.087647460594669724e+01,6.847315982280599655e+01,6.307963001829902083e+01,6.971349291712589036e+01,7.001104561950353400e+01,6.861150400827560247e+01,8.214313816142220048e+01,7.190043866237442671e+01,7.497335990733620292e+01,7.848366875937419707e+01,7.775255847482786464e+01,7.408818618476870199e+01,6.618653052158046535e+01,6.404408758201404339e+01,5.337815574867010326e+01,7.423470772038871246e+01,6.111378912973140132e+01
8.799278133545040248e+01,1.146811272057306894e+02,1.014994644562072352e+02,1.260356118749593719e+02,1.317595751934587724e+02,1.025223912031999305e+02,9.163843910440374430e+01,1.120881419849788756e+02,1.142250110194706423e+02,5.073078899421892629e+01,5.681539639704119793e+01,3.505988034837130130e+01,0.000000000000000000e+00,4.389859154114810025e+01,8.603190809506790515e+01,1.082774208333880068e+02,3.798152384755810118e+01,8.999459515394970310e+01,5.688453869530999896e+01,9.973362509107280971e+01,8.638403039770389569e+01,3.569282884640419695e+01,5.009984102265909911e+01,7.052699839902439294e+01,7.616190861924600597e+01,5.995068066698059539e+01,8.137079189534986767e+01,8.016626568076580384e+01,7.526327203407677757e+01,8.685307366229679360e+01,1.039664215913536793e+02,9.866462358152810452e+01,1.147232103211469934e+02,7.502441138517849595e+01,8.627218305563330603e+01,1.049052865627061095e+02,7.728512893452588628e+01,7.712813494885487842e+01,1.090945542446829961e+02,9.906567597887290333e+01,8.794406125998689561e+01,8.058599090044565116e+01,7.939882554344089272e+01,1.066981372111471700e+02,1.088532159822654961e+02,9.510075837159361356e+01,6.095093135382229832e+01,6.714976978132330032e+01,9.251126660427013348e+01,9.036428977532607121e+01,8.680222213112764962e+01,7.944943716490041652e+01,8.746526246355027467e+01,8.605535791903885467e+01,7.956486994225203091e+01,7.394364997301609321e+01,6.363823523251100056e+01,6.252031689669910008e+01,8.866595362745432851e+01,8.618677850766093229e+01,6.862135694971570388e+01,7.720457046477147856e+01,7.495527431410079089e+01,6.360566639978240033e+01,7.973831228718755426e+01,4.957637258194869645e+01
1.035236823357314080e+02,1.176596848687328958e+02,1.043161059240293014e+02,1.234981609191393801e+02,1.256861246250759194e+02,9.808928317637806060e+01,9.276979368142414728e+01,1.015751830287219377e+02,9.921145729468322827e+01,7.620409560910738378e+01,6.024572341937609821e+01,7.264572617862630466e+01,4.389859154114810025e+01,0.000000000000000000e+00,3.747863307401919997e+01,1.108626974536060033e+02,4.359509675515749905e+01,6.994202889195310036e+01,2.900494014958940170e+01,7.238462314470521619e+01,4.602273923205920170e+01,6.702760274059480139e+01,3.679095532036890148e+01,7.936320588471079418e+01,6.921253486306379443e+01,7.620640867149100472e+01,1.017805400820249986e+02,8.407840943384721299e+01,5.463463245978984872e+01,7.130599879334120317e+01,1.271301014912101977e+02,1.255813914580296000e+02,1.079096296840619260e+02,6.899731699332049573e+01,1.036120215820940018e+02,8.576199632875665202e+01,6.648843838244235371e+01,1.088255823675583684e+02,8.787380122206715782e+01,8.081670993944550219e+01,8.304608242036989907e+01,1.089373369853183959e+02,1.190569886850639989e+02,1.250393394754183305e+02,1.320680468595879233e+02,1.029105116993120674e+02,6.747374252093850089e+01,6.811083432483920319e+01,8.723589473098550684e+01,7.443841027852988645e+01,8.277260359073359552e+01,9.382122842216651293e+01,1.109284971133834148e+02,8.098141537295470016e+01,8.646840562721914125e+01,6.811405058702169413e+01,6.575113606155649393e+01,5.859404701387580161e+01,1.061683553596809020e+02,1.051841194183924273e+02,6.877896331088540194e+01,9.427441127524677711e+01,9.642197050511549605e+01,6.260130688904860108e+01,9.545963826083816173e+01,6.038693462718819660e+01
9.662530574568839370e+01,1.206231720871629989e+02,1.047721041390277037e+02,1.253915832555747869e+02,1.206406567091148361e+02,9.492399128825773857e+01,1.038563980471639638e+02,1.015570237461250684e+02,9.087599411643992653e+01,9.612589628635279837e+01,6.703788184592120558e+01,8.808651438804200495e+01,8.603190809506790515e+01,3.747863307401919997e+01,0.000000000000000000e+00,1.171055935478341610e+02,8.895416727297890702e+01,7.488664888522930596e+01,5.732705224743208561e+01,7.006119360738250634e+01,4.305915496933789655e+01,9.405253733493600521e+01,3.898327051476289995e+01,1.034627947397059984e+02,7.604084121334129520e+01,8.915753016734629455e+01,1.072210611879301609e+02,4.177414306579610326e+01,4.041794907322260144e+01,4.128627873462710340e+01,1.315384361433046934e+02,1.353737171169327098e+02,1.246236965403150379e+02,6.358754400985147726e+01,1.072529835017419515e+02,7.620946063954272631e+01,4.302792333024810034e+01,1.261714474109181054e+02,1.072022149289122694e+02,9.920896195307389576e+01,1.037317857853240071e+02,1.201286287910834147e+02,1.300909108204710094e+02,1.265061228485957656e+02,1.390064291844615241e+02,1.054479618375119969e+02,9.385237259501009532e+01,8.998079484802420325e+01,8.318794572862857706e+01,6.943407578678659320e+01,8.689492086812460059e+01,1.002660430471469937e+02,1.183634779053711839e+02,8.545417736355300065e+01,8.700654103441320331e+01,7.190330065403330195e+01,7.099985673509310402e+01,6.193045517344609863e+01,1.074597957398383699e+02,1.079658009737014339e+02,7.377927193822429786e+01,9.743038436501957733e+01,1.027016835461995186e+02,6.771071198184989726e+01,9.694700501912039670e+01,7.336601747230659498e+01
5.281686889541310137e+01,3.609464534668769886e+01,5.527082361287229872e+01,4.341999083056789743e+01,8.816269852029630272e+01,6.275609076447467061e+01,3.761398562152069758e+01,5.920952358223109968e+01,8.687444180842629748e+01,1.222825560395999958e+02,6.955708788734560244e+01,7.649936407786627512e+01,1.082774208333880068e+02,1.108626974536060033e+02,1.171055935478341610e+02,0.000000000000000000e+00,8.526640254843583477e+01,7.639666192644560283e+01,8.892644667046266704e+01,1.056664781720543687e+02,1.085776732091024002e+02,1.218772402607410044e+02,1.259708308046450043e+02,8.656970655514990654e+01,1.062985991297280037e+02,9.802329145610750061e+01,1.397358026570069853e+02,1.268379419783120881e+02,9.674297843445336298e+01,1.323078055879151975e+02,1.227572044880509026e+02,6.952677923883530298e+01,3.625051668508380232e+01,8.847092855650190302e+01,1.421639690617199960e+02,9.909877426601289585e+01,9.498057298168984630e+01,1.133138162075610040e+02,8.753925765388990499e+01,4.676111296151380259e+01,6.062585635942070184e+01,1.055718332318082560e+02,1.510636715607419944e+02,1.416499779826335441e+02,1.502891255366363907e+02,1.509641091819479186e+02,1.253932650724800055e+02,1.309677781228389222e+02,6.616114380798231309e+01,8.522650086346881437e+01,7.222469528568848318e+01,5.526811106154784881e+01,8.412919181551461634e+01,8.317693288862906797e+01,1.042657333170549947e+02,7.490164672218254793e+01,8.928878962038891132e+01,7.977289939615660330e+01,1.039368113844339661e+02,1.099004269144747070e+02,8.013464502853278759e+01,9.054637773026279035e+01,9.646296136119336495e+01,1.116470744593940054e+02,1.084831671404574962e+02,1.007180221709083838e+02
8.886463540877112166e+01,1.057188733551032556e+02,9.523572606956844311e+01,1.139004441222245845e+02,1.214383833374773189e+02,9.400239382460931381e+01,7.805111564167694382e+01,9.790843458144145472e+01,1.023039695636508810e+02,5.210624573243644875e+01,6.032048872250150140e+01,4.052850508187140122e+01,3.798152384755810118e+01,4.359509675515749905e+01,8.895416727297890702e+01,8.526640254843583477e+01,0.000000000000000000e+00,5.933341662277469908e+01,3.326410621084900043e+01,8.907711104681619929e+01,6.498650803557400479e+01,6.768648255780739476e+01,6.511754533028718583e+01,3.290193585012300304e+01,7.673903305127289798e+01,7.525477002983629404e+01,9.959889185038133519e+01,9.327874380126672804e+01,7.059471315034895156e+01,8.729424893018742182e+01,1.190628515327212682e+02,1.083631969718903889e+02,8.328344115432589945e+01,4.406421829506570020e+01,8.574763733452412851e+01,9.277657261484925755e+01,7.729091153359827615e+01,8.604850027809892765e+01,6.240225676495942508e+01,5.860107859650100437e+01,7.291211859902590220e+01,9.601175349385539448e+01,9.708632711875506516e+01,1.234838317131742258e+02,1.272718816672507103e+02,1.111921030873060658e+02,6.561351411951508794e+01,8.063620213065692610e+01,8.535082565682039046e+01,8.245849924187545810e+01,9.312839340161981738e+01,8.028317678000021829e+01,9.699873879097650331e+01,9.480583209283982171e+01,8.006768282555010785e+01,7.448536511117839609e+01,8.620452755264605571e+01,6.520661498225889829e+01,1.008622877790408268e+02,1.002016100426514669e+02,8.073611890478778719e+01,8.754838402047947454e+01,8.800391135727954861e+01,7.346230628597830048e+01,9.328792950355716584e+01,8.127675346982591975e+01
9.221681834220329677e+01,9.552627437349339345e+01,7.998747906545665387e+01,8.336663774411159977e+01,8.334117878718964789e+01,7.694632548326329413e+01,5.374763915447950069e+01,4.146152364826569681e+01,5.113864195858690209e+01,9.752115643035999426e+01,7.592403928063170326e+01,9.821392669135981635e+01,8.999459515394970310e+01,6.994202889195310036e+01,7.488664888522930596e+01,7.639666192644560283e+01,5.933341662277469908e+01,0.000000000000000000e+00,3.480582112205659939e+01,3.775152873711959955e+01,3.593212318300459884e+01,1.219882839384879958e+02,8.850254783397410563e+01,7.672264347411180552e+01,9.204927976725059580e+01,1.187039431275378121e+02,1.421918814696635991e+02,1.175183282741566444e+02,5.783386468358979471e+01,9.694834134889599397e+01,1.510953579585548425e+02,1.263158738662619953e+02,1.081647019855210061e+02,3.920900888072460333e+01,1.344566806302916575e+02,4.651877509293999680e+01,7.188495259196534448e+01,1.186260546264760052e+02,1.069100073548560061e+02,7.612591639828518453e+01,5.315213645900669803e+01,1.361819366256243029e+02,1.449859838936616825e+02,1.561324283939936208e+02,1.686476031181674955e+02,1.437321561851951230e+02,1.115712052890199999e+02,1.135896273464149999e+02,6.041872740659020025e+01,6.982693553063430159e+01,9.571369550311580099e+01,8.600563108100439536e+01,1.237144936862020614e+02,1.171727959648382438e+02,8.478909565545809812e+01,8.158186648041440492e+01,1.037643288908760013e+02,7.649891442653890294e+01,1.249136469069989630e+02,1.289242271190815927e+02,1.037394689511607879e+02,1.110536832205834088e+02,1.189795333318380557e+02,8.458307068818450603e+01,1.203808439830330741e+02,1.046633130677860777e+02
9.128524242597401894e+01,1.015175413620139864e+02,8.970573231416383919e+01,1.071132671849361913e+02,1.109799900686487035e+02,8.385704772194399936e+01,7.556780964132278200e+01,8.628052619721830752e+01,8.651282693294481874e+01,6.538374928384342866e+01,5.618639046862595876e+01,6.862144525220870150e+01,5.688453869530999896e+01,2.900494014958940170e+01,5.732705224743208561e+01,8.892644667046266704e+01,3.326410621084900043e+01,3.480582112205659939e+01,0.000000000000000000e+00,6.720831050960998709e+01,2.978259556646959894e+01,7.515786810483790248e+01,5.781171815132491076e+01,5.209397890402510001e+01,8.792948528296156496e+01,8.632035411069429642e+01,1.064375435492703019e+02,9.071484618204824812e+01,5.179551979184086008e+01,7.691803685412472191e+01,1.258438403536197114e+02,1.178858224902708258e+02,9.471518506450740915e+01,3.750875616030899806e+01,9.700816012429280022e+01,7.459000990278329368e+01,6.352623132570935383e+01,1.006578672629171507e+02,7.482479243792394641e+01,6.460495345126321354e+01,6.524723262464679863e+01,1.066386023584526441e+02,1.104970516778985683e+02,1.282095239125130774e+02,1.360291632183690353e+02,1.124618681341111710e+02,8.056462803124300365e+01,8.064244791452921390e+01,7.419150914078568348e+01,6.494541874709830154e+01,9.807517810279790638e+01,8.196709580734437850e+01,1.038319335974853317e+02,9.916273248824970210e+01,7.617504016531125899e+01,7.918934778357102289e+01,8.303815063489803094e+01,7.202229853365649603e+01,1.035789644744034916e+02,1.042211608452123812e+02,8.360091027224223126e+01,8.999336568263559855e+01,9.352444729907010412e+01,6.824002080947140314e+01,9.545571853080492986e+01,8.055702493704207257e+01
1.064460346011606475e+02,9.938965802937195804e+01,8.831016408895625602e+01,9.817878105840712522e+01,9.166047193279817407e+01,7.345858311350210101e+01,8.646443812924131578e+01,7.199531275081517379e+01,5.849533773664237657e+01,1.001759466212079985e+02,8.841003656936217681e+01,1.064349270438705446e+02,9.973362509107280971e+01,7.238462314470521619e+01,7.006119360738250634e+01,1.056664781720543687e+02,8.907711104681619929e+01,3.775152873711959955e+01,6.720831050960998709e+01,0.000000000000000000e+00,3.559680063936760064e+01,1.090977441626735214e+02,8.294565928791490705e+01,1.006906461387870024e+02,9.764278870524620402e+01,1.204334597040653563e+02,1.379384733930152720e+02,9.500307730380210103e+01,3.863929199051239749e+01,8.741748271251030644e+01,1.490337635255798432e+02,1.428120718793524304e+02,1.233525966016133708e+02,6.919774383809399865e+01,1.341717459703062048e+02,4.317284247052700152e+01,5.663228464113380056e+01,1.350917948877403774e+02,1.085185595900102271e+02,9.317388561289160975e+01,7.896824294793809429e+01,1.377224289867510265e+02,1.468377924882324237e+02,1.504785290427221298e+02,1.651435305696504656e+02,1.237882986716359994e+02,1.086168271847962643e+02,1.087341596218997353e+02,6.635951852828449660e+01,3.537507242505090232e+01,9.591538423485829412e+01,9.873252823995031235e+01,1.266028333161030162e+02,1.187299803875503699e+02,8.479798316332200159e+01,7.920516701899700251e+01,1.092935216330320003e+02,7.383613411777129443e+01,1.220831142192580501e+02,1.258932109566262483e+02,1.047804037136994708e+02,1.099662919686026044e+02,1.185012899459684519e+02,8.724620180326169816e+01,1.163032285897935481e+02,1.003401746474985146e+02
9.537581180877219822e+01,1.097726208501941585e+02,9.898483523177405630e+01,1.094021212798026568e+02,1.078988291760372533e+02,8.650104939110410385e+01,8.840734985428103698e+01,8.248828352048501245e+01,7.566363552464868292e+01,9.533182890285800681e+01,6.516762643043060166e+01,9.826594816638049679e+01,8.638403039770389569e+01,4.602273923205920170e+01,4.305915496933789655e+01,1.085776732091024002e+02,6.498650803557400479e+01,3.593212318300459884e+01,2.978259556646959894e+01,3.559680063936760064e+01,0.000000000000000000e+00,9.815226451972669963e+01,7.067689733656060014e+01,7.654822264458779557e+01,7.770301222728220125e+01,1.148390565550636495e+02,1.291013279752859830e+02,1.048848108343777028e+02,4.982634484590958124e+01,7.640457157070859751e+01,1.490317628609743110e+02,1.440594751307891102e+02,1.222909858575842037e+02,5.873091871510330009e+01,1.247200909929366901e+02,6.009526563475204597e+01,6.399809215094339976e+01,1.315293453278030711e+02,1.043801134615301862e+02,8.908416654129636925e+01,7.586799304446890346e+01,1.343733635841282137e+02,1.400838336860695961e+02,1.485706761207634941e+02,1.601417310348338958e+02,1.193056283601210055e+02,9.761767127595580007e+01,9.881961913811859688e+01,7.809993977118480757e+01,5.860525511891806616e+01,8.848722862495310437e+01,1.026757794900680949e+02,1.282641798121628369e+02,1.214881203060558050e+02,7.558871767318180446e+01,7.224607511518119907e+01,9.075005465303199514e+01,6.547379043707050528e+01,1.238446418425628792e+02,1.257488088906599017e+02,8.602042715616940427e+01,1.112806129788108933e+02,1.175156479143196862e+02,7.312513312650750663e+01,1.156702407042216691e+02,9.943353850847472586e+01
8.810073889613552467e+01,1.223656692801670829e+02,1.068864984639391480e+02,1.362090665019191817e+02,1.397426760877082472e+02,1.095866093289818366e+02,1.042555298968838287e+02,1.240126137497787937e+02,1.238431397241090934e+02,1.046719816466739985e+02,5.296646244325866348e+01,4.267424531146910027e+01,3.569282884640419695e+01,6.702760274059480139e+01,9.405253733493600521e+01,1.218772402607410044e+02,6.768648255780739476e+01,1.219882839384879958e+02,7.515786810483790248e+01,1.090977441626735214e+02,9.815226451972669963e+01,0.000000000000000000e+00,6.005849459798800183e+01,8.612676008213030343e+01,9.645778237948449885e+01,4.453479181884450355e+01,6.406102808345141852e+01,6.843667888009130706e+01,8.084928513691875196e+01,7.527276590247200261e+01,8.842841393391606175e+01,1.580119885751269919e+02,1.238807061059270040e+02,8.747103682718949358e+01,4.501208741610059860e+01,1.149955549373610211e+02,7.813655003814722022e+01,1.422256391254020116e+02,1.163681737019369962e+02,1.086864801380680063e+02,1.059315604786419982e+02,6.604487226280247114e+01,4.943073378204410062e+01,8.918253505360995348e+01,9.060216560387043216e+01,7.394009397299069519e+01,3.772202514450179933e+01,6.574000359563750351e+01,9.870404211891629132e+01,9.729310399232150530e+01,8.158303323350443748e+01,8.004705837550105230e+01,7.891139054110317375e+01,7.796583525305254625e+01,7.981333746418351893e+01,7.657713702891187779e+01,7.952594944327910298e+01,7.289896933397791656e+01,7.609269539590115983e+01,7.171359793822279016e+01,6.553965590417762144e+01,6.739593061378462835e+01,6.236282890206476992e+01,7.401540857407219676e+01,6.585180406719771895e+01,4.861325752867710293e+01
1.078284623672522571e+02,1.310869986721640430e+02,1.141266681375600029e+02,1.400773460206435175e+02,1.387533177558620423e+02,1.094111783385092593e+02,1.118286416409952295e+02,1.198417122817717626e+02,1.134372978676664587e+02,8.474768516203684499e+01,7.078579478431063876e+01,7.609367941923659373e+01,5.009984102265909911e+01,3.679095532036890148e+01,3.898327051476289995e+01,1.259708308046450043e+02,6.511754533028718583e+01,8.850254783397410563e+01,5.781171815132491076e+01,8.294565928791490705e+01,7.067689733656060014e+01,6.005849459798800183e+01,0.000000000000000000e+00,7.893151940681741507e+01,7.281169300919499676e+01,6.633841474977060670e+01,8.064234731069200279e+01,6.189779935835431957e+01,5.919850053574886317e+01,3.500794218154069881e+01,1.136727922918735203e+02,1.222794425929757978e+02,1.168964715729383812e+02,8.913983922047890474e+01,8.688066066362749496e+01,1.002864197541371283e+02,6.365228127730895835e+01,1.100507104789216726e+02,9.886195323319066119e+01,9.844556605582862119e+01,9.941798749451210426e+01,9.954993625709218463e+01,9.205738104566239599e+01,1.059108608178718072e+02,1.136970904536425877e+02,5.003167732722810257e+01,4.050254070573569720e+01,3.566581562763349922e+01,9.676098128987919722e+01,8.349256239799896662e+01,9.135505669297130282e+01,9.810636413257486765e+01,1.067123766574198527e+02,8.437668891500709378e+01,8.872280317490279344e+01,7.775324019357900340e+01,6.576386157573449509e+01,6.563109973932989760e+01,9.470569315116917153e+01,9.183704041303865040e+01,6.820786765113359706e+01,8.628890153289418663e+01,8.691610886669151625e+01,6.106869526565809991e+01,8.123613010952720970e+01,4.574868089889390177e+01
8.094809164649737454e+01,9.115121048812757465e+01,8.357192237359025455e+01,9.844936500768226040e+01,1.082957080632932900e+02,8.291209194962971196e+01,6.158061529378459653e+01,8.441588672379089076e+01,9.217074925514313577e+01,4.563757496186990181e+01,4.953626164240350249e+01,4.978511940723699780e+01,7.052699839902439294e+01,7.936320588471079418e+01,1.034627947397059984e+02,8.656970655514990654e+01,3.290193585012300304e+01,7.672264347411180552e+01,5.209397890402510001e+01,1.006906461387870024e+02,7.654822264458779557e+01,8.612676008213030343e+01,7.893151940681741507e+01,0.000000000000000000e+00,7.407409922255480694e+01,8.627374100770539656e+01,1.128720723827005230e+02,1.040493697532060366e+02,7.303157562166356342e+01,9.929321884062908055e+01,1.236813669442532984e+02,1.142608654711939948e+02,7.937688521129240371e+01,4.017564630273400184e+01,1.219989699927560025e+02,8.496465804487795026e+01,7.962157519869224132e+01,8.859800087764610055e+01,6.561639135868209394e+01,4.462455738585799736e+01,3.618237490600390061e+01,1.007971337379639749e+02,1.172461574217490039e+02,1.319886234742939450e+02,1.370335287204204064e+02,1.244879874231377102e+02,1.069001698473859960e+02,9.545707848116180116e+01,7.659970538289293529e+01,7.791357015357147020e+01,8.944417810565329319e+01,7.337714777659556376e+01,9.583867923401457745e+01,9.376189880276680810e+01,7.540342891190630326e+01,7.830341726439989714e+01,8.761696381439163872e+01,6.865507558666060106e+01,1.042451541219769950e+02,1.054196305439538861e+02,8.110793394406121593e+01,8.977087823008814382e+01,9.200260153671530361e+01,6.985470202141560492e+01,9.946849058038549174e+01,8.742474864207571272e+01
