0,34.7962067624003,34.1798865634437,42.4342168030934,52.7097327867468,66.3942219387935,0,64.8461583469949,66.5874977412103,75.9816648065614,86.9061505443602,0,62.01499633997,87.5742018231192,89.0518096410932,84.4500319050397,0,70.8193852450442,92.296938858205,100.482301891111,0,78.4699303992766,94.6348938123225,93.0291077954786,0,0,0,0,0,0,0,0,0,0,0,0,0,0,0,0,0,0,0,0,0,0,0,0,0,0,0,0,0,30.4971410220476,47.570087861339,68.0201101088013,66.7501169158137,0,0,0,0,0,114.879370089521,0,0,0,0,0,0,0,0,0,0,118.91430554068,0,0,0,0,0,0,0,0,0,0,0,0,0,0,82.5682641822883,105.809188677265,42.7743091100741,92.7863482694016,122.227854843599,0,0,0,0,0,0,82.1795676913836,0,0,0,174.331062535542,157.294077627865,0,0,110.774787300041,0,0,0,0,138.183420504437,0,145.217493547662,0,0,0,0,0,76.691844337739,77.5605564762614,0,93.3395282240211,0,0,0,0,0,0,0,0,0,0,0,0,0,148.537644847107,135.3851866581,0,0,0,0,0,0,0,0,0,0,0,95.0468376910548,84.5488342800693,100.779912933907,0,111.515509613257,0,0,0,0,0,0,0,0,122.804401144181,0,0
34.7962067624003,0,53.9057592845546,27.8290651583433,62.1800575932878,80.3746185695918,26.2302771189088,82.0370419737777,50.3579002150818,70.0141304710042,103.460725733159,39.5779654424612,75.9809223069532,94.3934671533567,104.386845001392,69.516164441026,57.8685066475682,84.6573280034724,102.312434140926,93.5338339721312,75.8059756012243,91.6998220094972,90.7714182095365,90.0610842834415,0,0,0,0,0,0,0,0,0,0,0,0,0,0,0,0,0,0,0,0,0,0,0,0,0,0,0,0,104.228807186126,64.1713558910191,64.1939148547039,0,80.0408529909293,0,0,0,0,0,93.032058967715,95.4503097178246,103.75895988771,0,0,0,0,0,0,0,0,84.1699560285954,0,0,0,0,0,0,0,121.877802873731,0,0,0,0,0,0,49.4375486377659,93.4598143502485,32.3695786030014,55.8463778622276,78.5758104767905,37.5306640950008,0,0,93.2312418524655,0,0,0,0,0,0,0,0,0,0,86.0647416693629,93.1389093723559,69.555919685878,0,144.009159936161,120.134127533993,0,0,0,0,0,0,0,0,90.86015011121,0,94.3535158375806,0,0,0,0,170.813081081657,0,0,0,0,135.391774939515,161.109009258505,0,0,0,0,0,0,0,43.6463672020193,66.5636314334758,56.3157894141417,70.452782809055,71.7397456646344,0,0,85.0371563296756,35.0092808099595,27.5943048716918,56.8694308992269,54.8250547064682,63.04105182953,57.2744567609199,95.4840345278849,61.0898791657075,102.626317393876,0,0,0,86.4492282631409,73.8458459508154,0,0
34.1798865634437,53.9057592845546,0,32.3948006420094,26.8734884786321,31.0410156110003,79.5378652416303,33.0255583852126,56.9537415223436,58.5368507417464,60.8053152810183,74.169079045758,47.7514218413429,70.9170431992908,61.966487884899,74.9314287386231,75.4757592368119,53.6654160500659,67.3927108626964,82.1751143179082,86.2162118717765,58.3441358772489,75.6412320512988,77.9709515444205,0,0,0,0,0,0,0,0,0,0,0,0,0,0,0,0,0,0,0,0,0,0,0,0,0,0,0,0,0,30.9892615516242,29.3491447384789,71.6626352273689,61.1827484394259,82.2461316316107,0,0,0,0,107.636203693745,0,0,0,0,0,0,0,0,0,0,103.865535320107,0,0,0,0,0,0,0,0,0,0,0,0,0,0,99.4133724706212,105.749995628681,69.2118610192458,107.839548775897,116.642629449897,100.249404489793,0,0,0,0,0,94.0869081964794,0,0,0,0,0,0,0,104.133638174237,0,0,0,0,120.341903124973,0,130.552388448088,127.714532947907,0,0,0,0,84.8904654331139,73.6315655331004,0,106.718162212939,123.672592815399,0,0,0,0,0,0,0,0,0,0,0,0,151.084046634232,0,0,0,0,0,0,0,0,0,0,0,0,98.5087596591724,78.3119396941122,97.7200507202432,0,100.150074138612,0,0,96.5905588055313,0,0,0,0,113.932310007771,108.327098576769,0,0
42.4342168030934,27.8290651583433,32.3948006420094,0,28.0289910852565,47.462709257227,31.3809800081772,55.0393569889855,25.292148499866,37.3259735436198,71.5133224613999,30.0483533597019,62.566115947999,57.1142190618286,78.1310232426869,42.5511796372889,42.0519339535146,63.8657944421107,75.8290061532916,67.3249486241711,59.1809976110854,67.8972726242512,74.216641482669,78.7889961067097,0,0,0,0,0,0,0,0,0,0,0,0,0,0,0,0,0,0,0,0,0,0,0,0,0,0,0,0,0,75.3259794890733,53.5947808932587,0,72.4843158514799,0,0,0,0,0,93.9487208695991,0,0,0,0,0,0,0,0,0,0,86.0984112330316,0,0,0,0,0,0,0,0,0,0,0,0,0,0,78.4167825132442,96.4794071849639,60.5343035027819,85.7449458854228,96.5291371574986,60.0014526345769,0,0,96.007684774903,0,0,0,0,0,0,0,0,0,0,85.440486588764,0,0,0,0,109.408820197197,0,119.286675607162,0,0,0,0,0,0,82.2851574763219,0,107.182979069172,101.893765277478,0,0,0,0,0,0,0,0,0,0,0,0,0,0,0,0,0,56.1934499417007,0,57.2829942292441,0,71.1730858802233,0,0,0,59.2976902948889,37.5800087217473,74.8601458949446,0,68.6354407519368,0,0,57.0063457912566,0,0,0,0,91.4007626454204,92.3197592637731,0,0
52.7097327867468,62.1800575932878,26.8734884786321,28.0289910852565,0,25.4174154801791,70.9840458475614,44.9568251171699,29.6651908066517,22.755965051463,52.8512747156588,50.1749628201827,82.1608849246807,34.7833115850588,63.2569981105604,34.4229988459882,42.9737636827725,71.1485036731162,63.699638641146,62.0776268601519,71.6660359856182,67.3115367148904,79.2705526627634,0,0,0,0,0,0,0,0,0,0,0,0,0,0,0,0,0,0,0,0,0,0,0,0,0,0,0,0,0,0,79.2291834312295,64.4386514976258,0,0,0,0,0,0,0,0,0,0,0,0,0,0,0,0,0,0,96.7797069144008,0,0,0,0,0,0,0,0,0,0,0,0,0,0,106.080782988087,102.21723368998,81.9393241293697,113.39993663839,114.877409551895,93.3236422160743,0,0,0,0,0,0,0,0,0,0,0,0,0,0,0,0,0,0,109.03691332826,0,115.769539706946,0,0,0,0,0,0,0,0,0,120.130918911289,0,0,0,0,0,0,0,0,0,0,0,0,0,0,0,0,0,0,0,0,0,0,0,0,0,93.1234423934701,71.7802637881397,97.3851805027059,0,91.9575758246444,0,0,87.545576282906,0,0,0,0,107.672076671209,93.3396959963505,0,0
66.3942219387935,80.3746185695918,31.0410156110003,47.462709257227,25.4174154801791,0,92.7144566325029,31.9469666450568,54.1249117146867,29.9166110375147,28.6894474979487,65.832097906882,77.1226889001904,25.1106606181102,45.2473228435648,39.9974656310803,47.2084644347275,62.695219340056,54.8334304581583,64.0962478808686,82.2699699470581,60.3053126238578,81.7456389998106,109.900356567821,0,0,0,0,0,0,0,0,0,0,0,0,0,0,0,0,0,0,0,0,0,0,0,0,0,0,0,0,0,80.866853068334,56.5865342994644,0,0,0,0,0,0,0,0,0,0,0,0,0,0,0,0,0,0,104.153541787849,0,0,0,0,0,0,0,0,0,0,0,0,0,170.433137351017,119.537140183558,111.279436801905,94.3663035435831,128.209406250435,126.963117081308,109.379949698187,120.622172110597,0,0,0,0,104.166279707897,0,0,0,0,0,0,0,0,0,0,0,0,117.039547088495,103.191224892665,123.776868128454,119.479926688768,0,0,0,0,0,137.631938497422,0,0,131.293778578761,0,0,180.048112826181,0,0,0,0,0,0,0,0,0,0,0,0,0,0,86.5847933777415,0,0,0,0,0,0,0,105.143604836878,88.4764046177902,108.756043168235,109.505727559718,98.4210698201058,107.655001475999,127.133121358074,99.4738794198602,0,0,0,0,117.196186214599,98.6443145856929,0,0
0,26.2302771189088,79.5378652416303,31.3809800081772,70.9840458475614,92.7144566325029,0,0,45.7782561069293,70.2022134742389,0,27.9379706897274,0,96.07850812865,0,65.6552311805166,47.7256873884381,0,98.6391043227056,87.6182378494837,67.9917346153207,94.4645595441363,83.809549713196,84.6819853062166,0,0,0,0,0,0,0,0,0,0,0,0,0,0,0,0,0,0,0,0,0,0,89.751143927586,0,0,0,95.8927589104185,0,0,0,0,0,0,0,0,0,0,0,94.5567477897705,100.520897780417,103.806284265731,0,0,0,0,0,0,0,0,0,0,0,0,0,0,0,0,110.257531616238,0,0,0,0,0,0,62.6586397617813,0,72.3701417635655,0,99.5842581478181,30.8607133375151,0,0,0,0,0,0,0,0,0,0,0,0,0,79.7727766279018,0,59.3324179174011,0,0,0,0,0,0,0,0,0,0,0,101.575559509586,0,0,0,0,0,0,0,0,0,0,0,123.175408797361,149.36028949977,0,0,0,0,0,0,0,33.9284369428316,53.256323693146,47.9147127798944,62.8643956808534,63.2625574975339,0,0,82.535871987527,52.8641574677783,34.6464239334988,0,57.6787098521093,52.1015363691179,37.7850001994563,0,70.6938070611465,0,0,0,0,0,70.0727876903729,0,0
64.8461583469949,82.0370419737777,33.0255583852126,55.0393569889855,44.9568251171699,31.9469666450568,0,0,75.9469434268858,73.2151192145422,31.6566987801787,86.1719644827405,29.3231704827338,58.9155071563593,33.1988542092201,76.7058372931319,65.664175414176,34.8773247780804,52.6963251552475,70.3729092649563,79.8175213517583,46.3524470030795,68.2749628386389,80.1396599907031,0,0,0,0,0,0,0,0,0,0,0,0,0,0,0,0,0,0,0,0,0,0,0,0,0,0,0,0,0,66.2063432542,26.8790998189668,80.2353272304821,64.5374845692359,0,0,0,0,0,0,0,0,0,0,0,0,0,0,0,0,108.514319618619,0,0,0,0,0,0,0,0,0,0,0,0,0,0,121.07365350457,115.592987680474,93.8274411368821,0,130.905514649346,116.787606852049,0,0,0,0,0,98.5250018577181,0,0,0,0,0,0,0,109.016735006087,0,0,0,0,121.941689565779,106.62291515539,130.064098731918,124.317387738497,0,0,0,0,0,88.3535617708449,0,0,135.088599396615,0,0,0,0,0,0,0,0,0,0,0,0,0,0,0,0,0,90.9958145529414,0,0,0,0,0,0,0,112.428041106178,95.0913631648832,112.739247473225,116.330446007415,102.484344090506,0,0,102.828545416689,0,0,0,0,122.181520588559,106.35840607598,0,0
66.5874977412103,50.3579002150818,56.9537415223436,25.292148499866,29.6651908066517,54.1249117146867,45.7782561069293,75.9469434268858,0,21.8080449498217,89.6168888474363,23.7353585885203,0,53.0224881042159,0,26.277665768157,31.2669521755552,0,73.3092556671855,54.1251593179181,49.2478202846263,84.2319699962902,64.8590946863721,0,0,0,0,0,0,0,0,0,0,0,0,0,0,0,0,0,0,0,0,0,0,0,0,0,0,0,0,0,0,0,0,0,0,0,0,0,0,0,0,0,0,0,0,0,0,0,0,0,0,95.9370915765821,0,0,0,0,0,0,0,0,0,0,0,0,0,0,99.1100517655899,0,76.6112162307036,0,110.95687282848,81.5595677980475,0,0,0,0,0,0,0,0,0,0,0,0,0,0,0,0,0,0,114.352268717163,0,0,0,0,0,0,0,0,0,0,0,0,0,0,0,0,0,0,0,0,0,0,0,0,0,0,0,0,0,65.1356109954828,0,0,0,0,0,0,0,83.928516624841,55.9360362211661,91.9595468727478,0,84.5113521415403,0,0,76.2989345224433,0,0,0,0,105.223121002159,98.7370402821258,0,0
75.9816648065614,70.0141304710042,58.5368507417464,37.3259735436198,22.755965051463,29.9166110375147,70.2022134742389,73.2151192145422,21.8080449498217,0,82.6135813066092,46.3321362794415,0,23.5084653785944,94.4502371325164,21.1976364338836,38.8519490269298,0,62.9109761720848,48.4904051262311,54.1533243975254,92.5644138214733,70.7668303630528,0,0,0,0,0,0,0,0,0,0,0,0,0,0,0,0,0,0,0,0,0,0,0,0,0,0,0,0,0,0,92.1436092717584,0,0,0,0,0,0,0,0,0,0,0,0,0,0,0,0,0,0,0,101.672741674103,0,0,0,0,0,0,0,0,0,0,0,0,0,0,113.230030468766,109.018326489835,89.6236289412936,121.476885882922,121.754258518937,96.2688042983209,0,0,0,0,0,0,0,0,0,0,0,0,0,0,0,0,0,0,114.755542322708,0,121.450649530332,0,0,0,0,0,0,0,0,0,126.451059747909,0,0,0,0,0,0,0,0,0,0,0,0,0,0,0,0,0,73.0218803373493,0,0,0,0,0,0,0,97.1178791387146,71.8230942154753,103.342857885439,106.196517481812,94.0917757292176,0,0,88.9521215217269,0,0,0,0,113.002544784133,96.1389180774663,0,0
86.9061505443602,103.460725733159,60.8053152810183,71.5133224613999,52.8512747156588,28.6894474979487,0,31.6566987801787,89.6168888474363,82.6135813066092,0,84.9621024087993,75.7321435068556,32.3202016221934,26.8703107323378,49.8869062799851,53.9233433675796,61.1049353578022,49.9407206279027,73.3742605231044,89.1186699755753,62.6622505570889,95.1473169497211,0,0,0,0,0,0,0,0,0,0,0,0,0,0,0,0,0,0,0,0,0,0,0,0,0,0,0,0,0,0,89.4354845383472,70.4187669583727,0,0,0,0,0,0,0,0,0,0,0,0,0,0,0,0,0,0,109.215796666259,0,0,0,0,0,0,0,0,0,0,0,0,0,0,132.303757870683,120.331089718163,106.801681560753,0,136.841815084706,118.755019283587,127.026675869311,0,0,0,0,102.060844833386,0,0,0,0,0,0,0,137.202923559427,0,0,0,0,123.675543078426,108.378843838536,129.379771432188,121.93605660747,0,124.760052037958,0,0,0,0,0,0,141.868914019026,0,0,0,0,0,0,0,0,0,0,0,0,0,0,0,0,0,87.3545625143612,0,0,0,0,0,0,0,111.782098856177,98.265337129051,118.810905854728,115.043791921503,101.105747581022,108.716752325979,126.817652499309,103.152098708667,0,0,0,0,125.039652456666,104.024150956489,0,0
0,39.5779654424612,74.169079045758,30.0483533597019,50.1749628201827,65.832097906882,27.9379706897274,86.1719644827405,23.7353585885203,46.3321362794415,84.9621024087993,0,0,63.9888881631136,82.7724399210125,38.9366931604601,25.0124659014601,0,72.45503684932,64.6667753139624,49.8925523275824,80.9268431959779,65.2330584876193,71.5049478010535,0,0,0,0,0,0,0,0,0,0,0,0,0,0,0,0,0,0,0,0,0,0,0,0,0,0,0,0,0,0,0,0,0,0,0,0,0,0,0,0,0,0,0,0,0,0,0,0,0,105.603725176186,0,0,0,0,0,0,0,100.499101232677,0,0,0,0,0,0,84.2203595579734,0,73.7004920701904,0,120.063785518368,51.1680891198181,0,0,0,0,0,0,0,0,0,0,0,0,0,67.158159944752,0,45.4525883255416,0,123.049622708475,0,0,0,0,0,0,0,0,0,0,0,0,0,0,0,0,152.818311379141,0,129.981046078132,0,0,113.516478515576,140.138679901067,0,0,0,0,0,0,0,22.0306122820974,40.1553055965884,36.8697622899076,52.9056951027101,52.8719692306928,0,0,76.0938812330907,68.368436950428,34.2814786438191,97.3245758825784,0,58.2075260703543,0,0,56.7095846922229,0,0,0,0,128.707055063997,101.777372831695,0,0
62.01499633997,75.9809223069532,47.7514218413429,62.566115947999,82.1608849246807,77.1226889001904,0,29.3231704827338,0,0,75.7321435068556,0,0,92.8811733553003,43.4743363198172,94.5721072099468,81.6086293311564,31.6801761517924,56.2400951239976,73.4247391832261,0,43.8207364981021,65.1002315665053,68.5098405129865,0,116.052336512319,0,0,0,0,0,0,0,0,0,0,0,0,0,0,0,0,0,0,0,0,0,0,0,0,0,0,0,52.3014995060127,29.7874664944891,26.9958569470306,25.3770169255158,68.9429777763152,0,0,0,0,95.4760557414093,0,0,0,0,0,0,0,0,0,58.1106464653466,91.8845112175077,0,0,0,0,0,0,0,0,0,0,0,0,0,0,110.092375144429,98.2349422248964,81.5622330389468,0,116.293158396094,108.980404112404,0,0,0,0,0,61.6724133807941,0,0,0,0,162.617981754175,0,0,92.2445572311731,0,0,0,0,102.970592491582,84.8871282057616,112.073926044222,106.229180186989,0,97.4004638509195,0,0,53.0133343533641,49.2163197599787,0,76.4226664206791,122.607304191214,0,0,0,0,0,0,0,0,0,0,0,0,138.579895200394,128.689482542215,0,0,0,0,0,0,0,0,0,0,0,103.474201527925,89.751703923607,101.286032685561,0,91.6558102057644,0,0,96.6272491502718,0,0,0,0,108.363304197463,92.7156172092463,0,0
87.5742018231192,94.3934671533567,70.9170431992908,57.1142190618286,34.7833115850588,25.1106606181102,96.07850812865,58.9155071563593,53.0224881042159,23.5084653785944,32.3202016221934,63.9888881631136,92.8811733553003,0,25.0319547979947,26.8156807289115,45.7139434326365,80.9918979088509,24.6196367589854,35.7562290341651,62.7173739743434,68.7129949595787,69.5480176820213,120.808582558452,121.41053823189,136.370966612492,0,0,0,0,0,0,0,0,0,0,0,0,0,0,0,0,0,0,0,0,0,0,0,0,0,0,0,91.9836492040906,87.5840844534545,0,0,0,0,0,0,0,0,0,0,0,0,0,0,0,0,0,0,108.203526109452,0,0,0,0,0,0,0,0,0,0,0,0,0,176.152285332558,127.809343081898,118.921872231241,103.439228642803,136.347720294329,133.915465002796,113.317457442544,125.668065811361,0,0,0,0,108.378851564722,0,0,0,0,0,0,0,132.911611688816,0,0,0,0,122.833674190106,109.316076103054,128.289061015354,121.637881144987,0,126.312272201246,0,0,0,151.52376135557,0,0,138.466385187394,0,0,185.329216086922,0,0,0,0,0,0,0,0,0,0,0,0,0,0,76.6858310914809,92.1853195279446,91.4049121076558,0,116.25194336201,0,0,0,109.334971615772,90.8435907562224,114.77895804981,113.189714809576,99.4434990130305,107.235746801745,125.719475748676,99.7908269838423,0,0,0,0,122.538521438975,102.342127744428,0,0
89.0518096410932,104.386845001392,61.966487884899,78.1310232426869,63.2569981105604,45.2473228435648,0,33.1988542092201,0,94.4502371325164,26.8703107323378,82.7724399210125,43.4743363198172,25.0319547979947,0,49.6678247160256,52.6450483716976,26.8244187001707,30.6114108390497,62.2941989898795,78.3806293662639,34.7289201560619,71.7946890421696,101.349258683701,115.961901906622,0,0,0,0,0,0,0,0,0,0,0,0,0,0,0,0,0,0,0,0,0,0,0,0,0,0,0,0,88.836556751735,60.2453240362488,90.4367909380949,86.9183698368023,0,0,0,0,0,0,0,0,0,0,0,0,0,0,0,0,106.784738554683,0,0,0,0,0,0,0,0,0,0,0,0,0,0,135.435501042995,121.99318244654,110.712364787608,0,137.263915642983,115.759462407562,124.387557833914,0,0,0,0,99.7809249616843,0,0,0,0,0,0,0,126.255813178597,0,0,0,0,121.99095360619,107.184314063631,126.471393621868,117.363820295901,0,117.183330838257,0,0,0,0,0,0,143.226545898604,0,0,0,0,0,0,0,0,0,0,0,0,0,0,0,0,0,80.1487160273769,0,0,0,0,0,0,0,109.117325365005,95.2168474410967,121.562711169462,112.269902814825,96.9948124161329,103.940001343711,0,98.8370953701757,0,0,0,0,125.712016031496,101.907710851948,0,0
84.4500319050397,69.516164441026,74.9314287386231,42.5511796372889,34.4229988459882,39.9974656310803,65.6552311805166,76.7058372931319,26.277665768157,21.1976364338836,49.8869062799851,38.9366931604601,94.5721072099468,26.8156807289115,49.6678247160256,0,29.3860449083207,86.8244463844209,27.62484215637,20.334531989966,23.9851759896116,66.9265314974065,40.8112466441691,97.5297036517721,0,0,0,0,0,0,0,0,0,0,0,0,0,0,0,0,0,0,0,0,0,0,0,0,0,0,0,0,0,97.6063525316376,93.4945581286174,0,0,0,0,0,0,0,0,0,0,0,0,0,0,0,0,0,0,105.040580877924,0,0,0,0,0,0,0,0,0,0,0,0,0,0,114.050010691446,115.08604113485,91.8043091564402,122.41125532772,124.858956271855,95.8371874932393,0,0,0,0,0,0,0,0,0,0,0,0,0,111.963343023925,0,0,0,0,120.541598736152,0,126.306281869862,123.280809491917,0,0,0,0,0,0,0,0,129.149163658002,0,0,0,0,0,0,0,0,0,0,0,0,0,0,0,0,0,64.3445992736519,84.288464894934,70.7815628954996,0,93.7687387840642,0,0,0,98.8989908688041,68.4512575603144,105.58709779134,110.107192347783,92.3306532840497,107.441215958295,123.985854010388,86.5626772947827,0,0,0,0,116.34894356132,101.680810624432,0,0
0,57.8685066475682,75.4757592368119,42.0519339535146,42.9737636827725,47.2084644347275,47.7256873884381,65.664175414176,31.2669521755552,38.8519490269298,53.9233433675796,25.0124659014601,81.6086293311564,45.7139434326365,52.6450483716976,29.3860449083207,0,79.2921612697549,50.2565190063809,44.9409893475691,24.7919805392019,65.2945680613397,44.7911710577482,63.3940379015509,0,0,0,0,0,0,0,0,0,0,0,0,0,0,0,0,0,0,0,0,0,0,0,0,0,0,0,0,0,0,84.0585243807145,0,0,0,0,0,0,0,94.3651684577874,0,0,0,0,0,0,0,0,0,0,110.080156127693,0,0,0,0,0,0,0,0,0,0,0,0,0,0,103.651953320882,0,89.903672853926,0,126.697362423509,76.1613125453716,0,0,0,0,0,0,0,0,0,0,0,0,0,68.4967271726368,0,0,0,0,128.08646195283,0,129.504641987317,0,0,0,0,0,0,104.916870228861,0,0,0,0,0,0,0,0,0,0,0,0,0,0,0,0,0,0,0,0,37.7420328874377,65.0559311091224,29.7457021064379,67.6455376055338,50.3990724798227,0,0,0,84.4659192450626,49.8704528600405,105.413988191265,0,76.7991156197571,0,104.143048093889,69.3234971148064,0,0,0,0,119.035607283121,108.213850580114,0,0
70.8193852450442,84.6573280034724,53.6654160500659,63.8657944421107,71.1485036731162,62.695219340056,0,34.8773247780804,0,0,61.1049353578022,0,31.6801761517924,80.9918979088509,26.8244187001707,86.8244463844209,79.2921612697549,0,46.8765058946943,68.3153655305893,71.9881192981487,31.9456060833153,54.656514724138,48.9994211015724,106.053841409762,108.929603795574,0,0,0,0,0,0,0,0,0,0,0,0,0,0,0,0,0,0,105.495785508423,0,0,0,0,0,0,0,0,67.4219832842494,46.7988467042179,55.0976396977265,29.1412467766247,44.2661142149532,0,79.0822783868232,0,0,73.0673367267224,91.9042715313504,0,0,0,0,0,0,0,0,83.0113752355683,99.2956972393998,0,0,0,0,0,0,0,0,0,0,0,0,0,0,121.888467530082,110.870888728625,94.6688767301419,0,127.195746424939,110.150923490198,0,0,87.1750662190686,0,0,80.9143901258102,0,0,0,173.484663350593,0,152.338103523474,0,73.1365462144873,0,0,0,0,111.774837742527,95.9401504126097,116.325985065894,107.332155301236,0,103.494051133298,107.818821226024,0,69.8689745542495,37.1716870585045,0,95.2143330624548,0,0,0,0,0,0,0,0,0,0,0,0,0,137.68954336587,130.284943607656,0,0,0,85.9030169055043,0,74.983435920146,0,78.2769724705911,0,0,0,104.833451929888,91.8839569274967,114.105469615431,107.536141144651,92.5935505655677,99.2807077682712,0,96.7301242514651,0,0,0,0,121.82442235069,96.5201475784599,0,0
92.296938858205,102.312434140926,67.3927108626964,75.8290061532916,63.699638641146,54.8334304581583,98.6391043227056,52.6963251552475,73.3092556671855,62.9109761720848,49.9407206279027,72.45503684932,56.2400951239976,24.6196367589854,30.6114108390497,27.62484215637,50.2565190063809,46.8765058946943,0,25.720423209124,58.1722082105356,27.6994562922145,35.9488531048888,78.7349377251547,114.666180017552,122.294180232243,0,0,0,0,0,0,0,0,0,0,0,0,0,0,0,0,0,0,0,0,0,0,0,0,0,0,0,96.3298228616949,68.6123716409956,97.2219626080404,83.084025565491,0,0,0,0,0,133.964317889088,0,0,0,0,0,0,0,0,0,0,108.213390115789,0,0,0,0,0,0,0,0,0,0,0,0,0,0,138.272240187752,126.368221014833,116.190895185649,0,141.621833147637,113.497624234191,127.647687230376,0,0,0,0,106.373113404277,0,0,0,0,0,0,0,116.452077267342,0,0,0,0,125.46180806815,111.128203959981,128.49873051608,118.244652586105,0,117.773920645592,122.053329691768,0,0,117.905083172188,0,0,148.85701910393,0,0,0,0,0,0,0,0,0,0,0,0,0,0,0,0,0,72.5045642776658,86.6319534397076,82.3288225784603,0,108.586642384368,0,0,0,109.009860009702,93.3468324959155,126.597423747301,113.954468461053,96.8175369970653,102.95277110547,122.473710404601,97.3680620198275,0,0,111.596207489397,0,130.628315057569,102.108524122373,0,0
100.482301891111,93.5338339721312,82.1751143179082,67.3249486241711,62.0776268601519,64.0962478808686,87.6182378494837,70.3729092649563,54.1251593179181,48.4904051262311,73.3742605231044,64.6667753139624,73.4247391832261,35.7562290341651,62.2941989898795,20.334531989966,44.9409893475691,68.3153655305893,25.720423209124,0,26.0858719779172,49.2736448286263,32.2129481402884,86.8533894748268,118.302049950901,123.704134473859,0,0,0,0,0,0,0,0,0,0,0,0,0,0,0,0,0,0,0,0,0,0,0,0,0,0,0,0,84.7517272969645,0,0,0,0,0,0,0,0,0,0,0,0,0,0,0,0,0,0,114.569862703106,0,0,0,0,0,0,0,0,0,0,0,0,0,0,135.309987527068,131.317010521987,114.802206078544,0,145.380287820701,110.482431588191,0,0,0,0,0,0,0,0,0,0,0,0,0,110.233925696627,0,0,0,0,131.599530068715,0,133.737642181126,123.26881861881,0,0,0,0,0,0,0,0,0,0,0,0,0,0,0,0,0,0,0,0,0,0,0,0,0,0,69.2022600437212,83.6264864702886,71.3085011885047,0,0,0,0,0,111.777901060919,87.6997595337805,127.299032452251,119.446647954513,100.035403041299,106.330557902991,0,97.5019822408789,0,0,0,0,135.200002690055,106.886187787032,0,0
0,75.8059756012243,86.2162118717765,59.1809976110854,71.6660359856182,82.2699699470581,67.9917346153207,79.8175213517583,49.2478202846263,54.1533243975254,89.1186699755753,49.8925523275824,0,62.7173739743434,78.3806293662639,23.9851759896116,24.7919805392019,71.9881192981487,58.1722082105356,26.0858719779172,0,58.1100634658186,30.415840887338,56.2891157671515,0,110.918784200251,0,0,0,0,0,0,0,0,0,0,0,0,0,0,0,0,0,0,0,0,0,0,0,0,0,0,0,0,0,0,0,0,0,0,0,0,86.0396256387595,0,0,0,0,0,0,0,0,0,0,108.431436102377,0,0,0,0,0,0,0,0,0,0,0,0,0,0,119.241978022453,0,102.539626685741,0,136.520210298762,92.261010808723,0,0,0,0,0,0,0,0,0,0,0,0,0,51.5874724818056,0,0,0,0,126.526196468928,0,125.255407704312,0,0,0,0,0,0,0,0,0,0,0,0,0,0,0,0,0,0,0,0,0,0,0,0,0,0,0,51.1473884478436,61.1810569960608,34.0471997426589,66.0512072576174,35.8564955815321,0,0,0,97.4299347179255,69.5135749399589,118.079662342352,0,85.9749642487588,0,0,84.129714051824,0,0,0,0,128.459137222445,99.0113400658355,0,0
78.4699303992766,91.6998220094972,58.3441358772489,67.8972726242512,67.3115367148904,60.3053126238578,94.4645595441363,46.3524470030795,84.2319699962902,92.5644138214733,62.6622505570889,80.9268431959779,43.8207364981021,68.7129949595787,34.7289201560619,66.9265314974065,65.2945680613397,31.9456060833153,27.6994562922145,49.2736448286263,58.1100634658186,0,36.9360770209096,36.0119064423919,105.001639369693,107.310076945446,0,0,0,0,0,0,0,0,0,0,0,0,0,0,0,0,0,0,0,0,0,0,0,0,0,0,0,80.7585104066578,55.8385957283035,76.1885121648843,48.5386124831493,29.0495554082182,0,74.2356140132953,0,0,63.9014060610716,89.1212650460666,0,0,0,0,0,0,0,0,0,100.919216760508,0,0,0,0,0,0,0,0,0,0,0,0,0,0,129.959450589662,117.670146161438,104.602190960068,0,133.427642881375,108.563039559195,0,0,77.460857303213,0,0,94.9515329013891,0,0,0,0,0,0,0,65.6605484527756,96.0662239270628,0,0,0,117.038387168163,102.499478235035,118.854937249204,109.158838434902,0,107.969023804202,108.077503022783,0,97.4647765136339,43.5449264616478,0,103.371981899621,0,0,0,0,0,0,0,0,0,0,0,0,0,138.260714364246,0,0,0,0,75.1609011686205,79.1932913118196,64.9666851097095,0,69.5270832738663,0,0,0,103.264615866091,91.0116363998458,120.37501567435,107.348048405088,90.5278820339899,95.6571345071782,0,93.68863894146,0,0,0,0,126.565924159599,95.6234310425508,0,0
94.6348938123225,90.7714182095365,75.6412320512988,74.216641482669,79.2705526627634,81.7456389998106,83.809549713196,68.2749628386389,64.8590946863721,70.7668303630528,95.1473169497211,65.2330584876193,65.1002315665053,69.5480176820213,71.7946890421696,40.8112466441691,44.7911710577482,54.656514724138,35.9488531048888,32.2129481402884,30.415840887338,36.9360770209096,0,35.5891223966797,110.029210723912,111.901860676781,0,0,0,126.42533264944,0,0,0,0,0,0,0,0,0,0,0,0,0,0,0,0,0,0,0,0,0,0,0,99.3999448891396,75.2340756105696,103.245191053791,77.718426167855,46.9665935915969,0,91.9916612093746,0,0,57.913688668463,104.738858059183,131.398539823158,0,0,0,0,0,0,0,0,105.204014910413,0,0,0,0,0,0,0,0,0,0,0,0,134.468856676066,0,131.946833316215,127.825307338156,114.920222407505,140.505657817096,142.414529534177,103.666756514208,126.265638114831,0,84.3116097927233,0,0,109.960328458537,0,0,0,0,0,0,0,51.8932950660498,108.761676170851,0,0,0,126.030462149028,112.006172487123,126.167518362453,116.564011027995,111.536397831848,116.878419267162,115.174603467044,126.369789249937,120.135995830998,66.757961113311,0,110.456956402059,151.412956785495,0,0,0,0,0,0,0,0,0,0,0,0,148.839386940966,0,0,0,0,62.5448543102639,69.1414580699241,47.917979531955,81.7514326747432,51.4439493006632,0,0,111.39161715331,104.865796261128,85.1010242065854,127.157249321039,112.187965490218,91.3840911937203,97.0890556282244,118.356459707023,91.203661243041,0,0,109.243563876285,0,133.395339419754,97.9607912053848,0,0
93.0291077954786,90.0610842834415,77.9709515444205,78.7889961067097,0,109.900356567821,84.6819853062166,80.1396599907031,0,0,0,71.5049478010535,68.5098405129865,120.808582558452,101.349258683701,97.5297036517721,63.3940379015509,48.9994211015724,78.7349377251547,86.8533894748268,56.2891157671515,36.0119064423919,35.5891223966797,0,101.474823301449,101.445016086074,0,0,0,113.682112462532,0,0,0,0,0,0,0,0,0,0,0,0,0,0,0,0,0,0,0,0,0,0,0,94.2094973096223,75.2647434190095,95.561352077894,71.399919581907,25.3187953335125,0,54.041834146065,0,0,34.6984200859717,63.3729298507681,92.6110330082253,0,0,0,0,0,0,0,0,97.2795428366571,0,0,0,0,0,0,0,0,0,0,0,0,0,0,129.970439250213,122.676461605384,112.146996497963,0,136.205035768111,100.836312257986,0,0,52.9053942795139,0,0,0,0,0,0,0,0,0,0,48.832956430901,76.8308897444874,0,0,0,119.794655566628,0,118.198405234314,109.160139213546,0,0,106.440634790282,0,0,48.943471323405,0,70.4403845683413,0,0,0,0,0,0,0,0,0,0,0,0,0,138.632731274161,0,0,0,0,61.1349127823044,64.2980632691244,48.8779953149234,0,54.5937559710696,0,0,0,99.3292774995907,85.5496376734054,0,0,85.4853744862057,90.712863838243,0,85.5993124023078,0,0,0,0,0,91.6171591368805,0,0
0,0,0,0,0,0,0,0,0,0,0,0,0,121.41053823189,115.961901906622,0,0,106.053841409762,114.666180017552,118.302049950901,0,105.001639369693,110.029210723912,101.474823301449,0,31.1613019375939,69.0678843328632,28.7879837168419,74.6118594740012,69.7462502817123,54.3200353537426,0,73.257023242183,0,0,0,0,0,0,0,0,0,0,0,90.1175508316356,0,0,0,0,0,94.2109397686083,0,0,0,0,0,97.4028379336509,93.7631274866454,0,87.6997117509408,0,85.476030967201,98.0101894230485,90.3865010270828,93.5659880425076,0,0,0,0,84.7150365490968,68.7195098251463,91.7873334939203,0,45.3186871903371,0,103.084595413394,84.8578754751528,116.247334029445,102.12962868362,126.232029542202,0,0,0,0,0,0,0,0,0,0,0,0,0,0,36.2468342876267,0,103.687576271375,0,0,0,0,0,0,0,0,0,0,102.13228445521,96.7356768181408,0,0,0,0,0,31.1751296909552,38.3313727397273,0,0,60.1590538962926,79.3099276334849,0,100.733913767629,0,98.7505333768914,0,0,0,0,0,0,0,135.967833070209,0,0,0,0,0,0,0,0,0,0,99.0635692302889,0,0,0,98.042118931395,0,0,0,0,0,0,0,0,0,0,0,0,0,0,0,0,77.4952224339759,0,0
0,0,0,0,0,0,0,0,0,0,0,0,116.052336512319,136.370966612492,0,0,0,108.929603795574,122.294180232243,123.704134473859,110.918784200251,107.310076945446,111.901860676781,101.445016086074,31.1613019375939,0,68.8345609560532,31.3272703817001,73.8037172873998,39.5067380885702,40.8287885985186,95.8944948099349,71.9424517730717,0,0,0,0,0,0,0,0,0,0,0,94.0675657565008,0,110.755809339246,0,0,0,100.386873385299,0,0,0,118.310267331797,116.55190495551,101.878015683681,92.2463085517506,0,87.119020992321,0,86.7837825060684,97.5311302348471,90.8425579783302,95.5836008459664,0,0,0,0,65.2082360869648,63.3591311472852,80.2278581663358,0,75.2246281776231,114.222282667438,99.1936662743573,81.6343693353397,108.593569676044,98.0702001391208,111.330623632783,0,0,0,0,0,0,0,0,0,0,0,0,116.110802859593,138.499248349021,77.5116013585872,95.1306027723577,101.824243422292,0,0,0,0,145.438471736027,0,140.719249274704,130.2450666329,0,0,101.618876493501,97.699308179889,86.7367027008216,0,0,85.5040345431143,0,54.2796285673092,38.1223401387072,49.8979187296335,89.9948133937209,40.9147651903324,53.6271417730265,87.7536347439888,100.675198287272,74.9806304031244,96.0910360083421,137.172041707745,0,139.843581133644,0,0,132.549237181273,0,123.694314729356,0,0,0,0,0,0,0,0,0,0,99.4681572520357,93.3664199339934,93.9767274335689,99.0818378990429,98.3974254075429,0,0,102.151866544028,0,0,0,0,0,0,0,110.462811807054,0,0,0,0,138.133366859861,89.9795513666084,0,0
0,0,0,0,0,0,0,0,0,0,0,0,0,0,0,0,0,0,0,0,0,0,0,0,69.0678843328632,68.8345609560532,0,20.3294008363915,23.6842258221442,69.5789561368952,36.3531912312847,40.6469729267897,43.0755816686129,55.3848621163475,61.3415747598007,0,0,0,56.514774389138,66.2109103263216,62.6904223589038,0,58.9432172433661,0,78.0664383669172,62.6683549821879,67.8038321792551,64.8173235027258,0,75.4750881666589,0,69.0246786911737,65.8483384632784,0,0,0,0,0,0,0,0,0,0,0,0,0,0,0,0,69.1918142351065,55.9918547909288,67.068869519422,0,26.4898591819363,0,48.896564610171,19.5023248644023,56.5417629089296,31.9402451493715,64.4951313652644,0,0,0,0,75.60442610163,0,0,0,0,0,0,0,0,0,0,0,0,0,0,0,0,0,0,0,0,0,0,0,0,0,0,0,109.216495286816,0,0,0,0,0,84.5768302649382,0,0,0,0,0,0,0,0,0,0,0,0,100.661442170532,0,0,0,0,0,0,0,0,0,0,0,0,0,0,0,0,0,0,0,0,0,0,0,0,0,0,0,0,0,0,0,53.2168414562503,0,0
0,0,0,0,0,0,0,0,0,0,0,0,0,0,0,0,0,0,0,0,0,0,0,0,28.7879837168419,31.3272703817001,20.3294008363915,0,25.1528763218579,53.1297157280315,21.2795508862622,54.2534267801993,34.526996861434,0,60.0776650460108,0,0,0,0,60.4973984546627,63.7223393335481,0,86.3001835987395,0,61.3467040573642,60.0563530821886,59.4665726413445,0,0,0,66.6615056560162,65.658109892755,0,0,0,0,0,0,0,72.6339392457643,58.0598176949303,64.4423980000254,82.6479928888806,69.7710875947444,72.4094999823888,0,0,0,0,64.3034435610389,39.9842101500892,66.3137253500308,0,26.2227481218942,0,68.0198318569548,48.1274602623799,75.6071544697105,54.5847258473084,85.1296669812203,0,0,0,0,0,0,0,0,0,0,0,0,0,0,0,0,94.7720841842936,0,0,0,0,0,0,0,0,0,0,95.7407368753229,81.5669870972574,0,0,0,0,0,59.0462265354434,62.2467746061748,0,0,64.4071910345508,0,0,110.173086722037,0,102.970705725212,0,0,0,0,0,104.173592663763,0,100.35635461589,0,0,0,0,0,0,0,0,0,0,0,0,0,0,0,0,0,0,0,0,0,0,0,0,0,0,0,0,0,0,0,49.1150026570078,0,0
0,0,0,0,0,0,0,0,0,0,0,0,0,0,0,0,0,0,0,0,0,0,0,0,74.6118594740012,73.8037172873998,23.6842258221442,25.1528763218579,0,71.7682115454956,21.1454649240851,21.0614997788933,21.0416784419376,47.6458027540192,37.171921177383,0,0,0,0,0,0,0,0,0,0,0,0,0,0,0,0,0,0,0,0,0,0,0,52.9117652087354,0,0,0,0,0,0,0,0,0,0,64.4706793747968,36.1760844652966,54.3046936807095,0,43.5238173207877,0,61.6998125844689,39.9246790686422,66.6970695618474,23.5248866759932,71.2463962524577,0,0,0,0,0,0,0,0,0,0,0,0,0,0,0,0,0,0,0,0,0,0,0,0,0,0,0,0,0,0,0,0,0,0,0,0,0,0,0,0,0,0,0,0,0,0,0,0,0,0,0,0,0,0,0,0,0,0,0,0,0,0,0,0,0,0,0,0,0,0,0,0,0,0,0,0,0,0,0,0,0,0,0,44.9862033658808,0,0
0,0,0,0,0,0,0,0,0,0,0,0,0,0,0,0,0,0,0,0,0,0,126.42533264944,113.682112462532,69.7462502817123,39.5067380885702,69.5789561368952,53.1297157280315,71.7682115454956,0,28.4946507950802,88.0474700481304,70.3649295941673,91.7215155767552,72.9773955786446,0,0,0,0,0,0,0,0,0,0,0,0,0,0,0,0,0,0,0,0,98.7107020372603,0,0,0,0,0,0,108.583278424948,104.422783970387,107.058945899618,0,0,0,0,29.3056945825165,37.6349889234218,45.8557371730055,55.4339632768797,89.1517329856172,119.397372157086,102.010233993047,82.6319484066383,102.220751716624,91.8563412067332,98.1700777326515,0,0,0,0,0,0,0,0,0,95.810017172717,0,0,101.747927629095,0,0,61.6590317699374,111.166874826911,0,0,83.511070646143,0,141.544037732297,0,132.095260992489,114.78147427886,0,114.61779350772,112.455269362083,107.600303984248,0,0,0,75.6727538781602,76.5861741604875,79.108208583738,58.1326822317925,50.5172039971094,58.8756891208413,43.1239786207757,34.6092362013231,80.6786218895087,111.535534311439,44.645032298657,93.1824311287953,134.781219573298,0,140.670638830106,0,0,130.581139453846,0,114.29007010079,0,0,0,0,0,137.282141514565,0,0,0,0,0,0,0,0,0,0,0,0,0,0,0,0,0,0,0,95.701873333537,0,0,0,0,136.194003429703,88.4465642278906,0,0
0,0,0,0,0,0,0,0,0,0,0,0,0,0,0,0,0,0,0,0,0,0,0,0,54.3200353537426,40.8287885985186,36.3531912312847,21.2795508862622,21.1454649240851,28.4946507950802,0,50.7292570452395,20.1574671467031,0,47.4764604577842,0,0,0,0,0,0,0,0,0,0,0,0,0,0,0,89.7095687015635,0,0,0,0,0,0,0,0,0,0,0,0,0,0,0,0,0,0,45.327225744685,23.0520760111602,50.3421822735889,0,46.5396951778693,0,75.3218263984408,54.9343756361993,78.1316098408728,54.5159446854726,79.5970387770987,0,0,0,0,0,0,0,0,0,0,0,0,0,0,0,0,0,0,0,0,0,122.860000775157,0,116.742586461044,106.884089111568,0,0,0,0,0,0,0,83.6198704640546,0,79.8610581708984,68.9929936547944,0,74.61137540524,55.8012289330949,52.707131320557,0,0,65.4192710087838,0,0,0,117.408174014262,0,0,108.220546465366,0,97.1093835065674,0,0,0,0,0,0,0,0,0,0,0,0,0,0,0,0,0,0,0,0,0,0,0,0,0,74.8054327258528,0,0,0,0,0,45.0676902069974,0,0
0,0,0,0,0,0,0,0,0,0,0,0,0,0,0,0,0,0,0,0,0,0,0,0,0,95.8944948099349,40.6469729267897,54.2534267801993,21.0614997788933,88.0474700481304,50.7292570452395,0,29.6602695130106,31.9350041307008,42.1916671716834,42.156336241949,52.7902668608781,0,71.5948605574984,66.6642194848557,72.3034501693182,0,82.9825284012586,79.1215299467571,95.4517951008333,86.3843171907372,92.9209399337677,80.1904009433441,0,91.5468804554339,111.332082075867,96.8382469443777,87.749340730522,122.21473298154,0,113.089357784436,0,0,62.4861496518613,0,68.0447399241719,86.1818294513589,0,111.737496275746,0,84.2904734723336,72.5834343916584,75.3129657801584,40.5667430418503,79.8302881141277,52.840111539396,69.0470554919438,104.048847195096,59.0498461376943,0,70.4470722809218,49.2820915124977,75.4536350257078,30.3378429047041,37.0345940093489,0,0,0,0,81.0662805893785,0,0,0,0,135.782328783543,0,0,0,0,0,83.676856164921,0,92.4655606142581,75.3055123344956,111.757114093225,0,0,0,0,88.4843020560075,0,74.966785734157,0,0,0,68.165439300965,0,130.232092177956,117.097899439986,0,0,0,109.381044171482,106.417706880239,99.9595731329082,0,0,98.9857790348628,112.57280448291,0,0,0,0,0,0,0,95.7766670776152,0,0,0,0,0,98.4827168947352,75.1086266961572,0,0,84.2302833069381,0,0,0,0,0,0,0,0,99.1248986908837,0,0,0,0,87.3650180575512,75.4636992348905,79.2262876440738,0,0,75.4080509376426,0,0,59.9542127187019,0,59.3904311423859
0,0,0,0,0,0,0,0,0,0,0,0,0,0,0,0,0,0,0,0,0,0,0,0,73.257023242183,71.9424517730717,43.0755816686129,34.526996861434,21.0416784419376,70.3649295941673,20.1574671467031,29.6602695130106,0,32.4265068264357,25.1644689734572,0,49.8548936603091,0,0,58.6690889515902,0,0,0,0,84.9436395766868,77.8427400110069,81.3459383650851,0,94.0417632000125,95.2346792055705,91.1837321465312,84.1166744476068,86.0946789796909,0,0,0,0,0,48.481281446962,0,56.9790528814498,78.2214100014057,0,0,0,0,0,0,0,67.8948488807619,27.6746527343422,53.3821330201937,0,53.7203764385523,0,75.1781807126057,56.1033008547227,76.0954723055878,42.7303805319201,68.403291767449,0,0,0,0,0,0,0,0,0,0,0,0,0,0,0,78.7654730375966,0,0,67.3155013800817,0,0,0,0,0,0,0,0,0,0,0,0,0,109.760358493856,0,0,0,0,0,86.0117341654114,0,0,0,0,0,0,0,0,0,0,0,0,101.348568729576,0,0,0,0,0,0,0,0,0,0,0,0,0,0,0,0,0,0,0,0,0,0,0,75.0993235898681,0,68.9620121055935,0,0,71.7139149871155,0,0,54.3003350016028,0,0
0,0,0,0,0,0,0,0,0,0,0,0,0,0,0,0,0,0,0,0,0,0,0,0,0,0,55.3848621163475,0,47.6458027540192,91.7215155767552,0,31.9350041307008,32.4265068264357,0,31.9159784249202,29.3840061983905,36.9886826624857,0,50.1599632684654,55.5378318005324,59.3051308547486,0,77.1685960735838,86.5788560722134,85.8340785088264,74.2089400371505,81.7793156222777,80.8076062040024,0,91.5342226177731,0,87.0131744834099,83.4202856754297,116.280670052515,0,106.823648730952,108.291910323932,0,59.7099550364816,0,58.2016231270947,78.3187192917931,0,102.922245845818,0,0,70.3248623572606,83.2227498626066,36.7885551740714,83.7524926305954,59.4119326657924,70.4546336384208,99.351198414143,76.9680299267387,0,0,64.8455250888459,90.7679391330406,47.2693762429384,41.7887118956704,0,0,117.055495184637,0,85.0088590793985,0,0,0,0,136.075376973667,0,0,0,0,0,81.1384673680167,106.994719648979,84.9707472091882,72.5650385937571,108.510160882162,0,0,0,112.688030942616,86.9477981683301,0,66.6476556992935,0,0,74.7942591931547,67.245917690897,0,134.306452511345,116.404802881877,0,0,0,107.703520007685,0,101.764410981803,101.037039583022,0,101.571770057586,103.083990463575,0,0,0,0,0,0,0,101.044962842637,0,0,0,0,0,90.0713042777534,61.9769508508082,0,0,98.2011388367607,0,0,0,0,0,0,0,0,91.3725959584179,0,0,86.5620830878994,0,77.5009199011231,69.8635152337637,67.951812301462,0,0,71.9413360543505,0,0,65.8015614226807,0,57.1072921117527
0,0,0,0,0,0,0,0,0,0,0,0,0,0,0,0,0,0,0,0,0,0,0,0,0,0,61.3415747598007,60.0776650460108,37.171921177383,72.9773955786446,47.4764604577842,42.1916671716834,25.1644689734572,31.9159784249202,0,49.890085353113,28.1893185240281,0,62.2248913672885,38.5521018373906,49.7648438538907,0,84.232310021697,0,65.69140277007,62.5957254026475,67.3324982518503,0,104.843364359959,104.550610286164,92.3163703750048,81.5351617810535,89.7456235525739,0,0,103.991152302735,0,0,29.3210553594762,0,32.87844066003,59.2385870512841,0,82.1139467937175,101.487036341796,0,0,0,62.2022721881404,62.0964355929353,26.1339771787116,38.6912411409046,0,75.8510896065462,0,0,72.5220708502801,77.8538530668945,52.6281382511729,62.5569190765422,0,0,0,0,0,0,0,0,0,0,0,0,0,0,0,69.2158862605778,93.131659123251,74.9285227473199,54.431783960121,105.900332756855,0,0,0,0,0,0,0,0,0,69.5590963642242,0,0,0,0,0,0,0,0,0,0,0,0,0,92.2896679238956,0,0,0,0,0,0,0,99.8834929241127,0,0,0,0,0,103.12123037032,83.2146315295702,0,0,0,0,0,0,0,0,0,0,0,87.7553571690896,0,0,0,0,73.2604963580112,83.9610946300482,63.7684779462185,0,0,77.8223628715224,0,0,70.4873769743326,0,0
0,0,0,0,0,0,0,0,0,0,0,0,0,0,0,0,0,0,0,0,0,0,0,0,0,0,0,0,0,0,0,42.156336241949,0,29.3840061983905,49.890085353113,0,37.6622175100851,0,23.4428017291037,57.0524563439266,53.4534845690778,0,53.6398181835002,105.495989341522,79.7016280788347,66.4001352126669,75.6336970430002,69.191082655297,0,121.469729234994,0,0,103.294752241498,112.023043283097,112.528322040421,102.327044484024,100.019470439718,0,74.3403680788613,0,60.2040009521983,74.2378944688928,0,96.9566647969567,0,72.538599007897,35.7710203960717,78.7888912347888,26.2502390877754,0,0,79.9800720892898,97.5406310013412,101.077423818775,0,0,70.6143192227857,0,82.2121067527606,43.1006123104224,0,0,0,0,89.3886295709502,0,0,0,0,136.834532736669,131.620997703044,0,0,0,0,79.7938143478257,93.4176826390139,78.720776643219,73.3905790291937,106.892679335213,0,0,0,117.606704288787,98.137426470604,103.722248252888,65.8892322265082,0,0,73.2132429293418,61.4981536484496,0,141.262560051843,117.926128468039,0,0,0,111.797960598971,0,112.209797394667,93.3445335992905,112.952979271198,110.081364278782,92.9262972714287,0,0,0,0,0,0,0,116.403995289493,0,0,0,0,0,74.7079711847833,46.3713162195691,0,0,113.860071947537,0,0,0,0,0,0,0,0,94.2786145628555,0,0,0,0,76.4344184741246,61.1249042005679,62.9291991073595,0,0,69.8318762126831,0,0,69.3058432743057,0,46.3884867107917
